2.000000000000000111e-01
1.000000000000000056e-01
9.619238476953910766e-01
1.017433289305292421e+00
2.000000000000000111e-01
2.000000000000000111e-01
9.619238476953910766e-01
1.017433289305292421e+00
2.000000000000000111e-01
3.000000000000000444e-01
9.619238476953910766e-01
1.017433289305292421e+00
2.000000000000000111e-01
4.000000000000000222e-01
1.068804275217102306e+00
1.017433289305292421e+00
2.000000000000000111e-01
5.000000000000000000e-01
1.068804275217102306e+00
1.017433289305292421e+00
4.000000000000000222e-01
1.000000000000000056e-01
1.389445557782228891e+00
1.438867956545413440e+00
4.000000000000000222e-01
2.000000000000000111e-01
1.496325985303944117e+00
1.438867956545413440e+00
4.000000000000000222e-01
3.000000000000000444e-01
1.389445557782232665e+00
1.438867956545413440e+00
4.000000000000000222e-01
4.000000000000000222e-01
1.496325985303936568e+00
1.438867956545413440e+00
4.000000000000000222e-01
5.000000000000000000e-01
1.389445557782225116e+00
1.438867956545413440e+00
6.000000000000000888e-01
1.000000000000000056e-01
1.710086840347366799e+00
1.762246150388690813e+00
6.000000000000000888e-01
2.000000000000000111e-01
1.816967267869070701e+00
1.762246150388690813e+00
6.000000000000000888e-01
3.000000000000000444e-01
1.710086840347359249e+00
1.762246150388690813e+00
6.000000000000000888e-01
4.000000000000000222e-01
1.710086840347366799e+00
1.762246150388690813e+00
6.000000000000000888e-01
5.000000000000000000e-01
1.816967267869078251e+00
1.762246150388690813e+00
8.000000000000000444e-01
1.000000000000000056e-01
2.030728122912493383e+00
2.034866578610584842e+00
8.000000000000000444e-01
2.000000000000000111e-01
2.030728122912493383e+00
2.034866578610584842e+00
8.000000000000000444e-01
3.000000000000000444e-01
2.030728122912485833e+00
2.034866578610584842e+00
8.000000000000000444e-01
4.000000000000000222e-01
2.030728122912485833e+00
2.034866578610584842e+00
8.000000000000000444e-01
5.000000000000000000e-01
2.030728122912485833e+00
2.034866578610584842e+00
1.000000000000000000e+00
1.000000000000000056e-01
2.244488977955916287e+00
2.275049997457843531e+00
1.000000000000000000e+00
2.000000000000000111e-01
2.351369405477619967e+00
2.275049997457843531e+00
1.000000000000000000e+00
3.000000000000000444e-01
2.244488977955916287e+00
2.275049997457843531e+00
1.000000000000000000e+00
4.000000000000000222e-01
2.351369405477619967e+00
2.275049997457843531e+00
1.000000000000000000e+00
5.000000000000000000e-01
2.244488977955908737e+00
2.275049997457843531e+00
