2.000000000000000111e-01
1.000000000000000056e-01
9.619238476953910766e-01
9.799895968978769023e-01
2.000000000000000111e-01
2.000000000000000111e-01
9.619238476953910766e-01
9.799895968978769023e-01
2.000000000000000111e-01
3.000000000000000444e-01
1.068804275217102306e+00
9.799895968978769023e-01
2.000000000000000111e-01
4.000000000000000222e-01
9.619238476953910766e-01
9.799895968978769023e-01
2.000000000000000111e-01
5.000000000000000000e-01
1.068804275217098532e+00
9.799895968978769023e-01
4.000000000000000222e-01
1.000000000000000056e-01
1.389445557782228891e+00
1.385914578917520013e+00
4.000000000000000222e-01
2.000000000000000111e-01
1.389445557782232665e+00
1.385914578917520013e+00
4.000000000000000222e-01
3.000000000000000444e-01
1.389445557782232665e+00
1.385914578917520013e+00
4.000000000000000222e-01
4.000000000000000222e-01
1.389445557782228891e+00
1.385914578917520013e+00
4.000000000000000222e-01
5.000000000000000000e-01
1.389445557782228891e+00
1.385914578917520013e+00
6.000000000000000888e-01
1.000000000000000056e-01
1.603206412825648020e+00
1.697391772716066338e+00
6.000000000000000888e-01
2.000000000000000111e-01
1.710086840347359249e+00
1.697391772716066338e+00
6.000000000000000888e-01
3.000000000000000444e-01
1.603206412825648020e+00
1.697391772716066338e+00
6.000000000000000888e-01
4.000000000000000222e-01
1.710086840347359249e+00
1.697391772716066338e+00
6.000000000000000888e-01
5.000000000000000000e-01
1.710086840347359249e+00
1.697391772716066338e+00
8.000000000000000444e-01
1.000000000000000056e-01
1.923847695390782153e+00
1.959979193795753805e+00
8.000000000000000444e-01
2.000000000000000111e-01
1.923847695390782153e+00
1.959979193795753805e+00
8.000000000000000444e-01
3.000000000000000444e-01
2.030728122912493383e+00
1.959979193795753805e+00
8.000000000000000444e-01
4.000000000000000222e-01
2.030728122912493383e+00
1.959979193795753805e+00
8.000000000000000444e-01
5.000000000000000000e-01
1.923847695390782153e+00
1.959979193795753805e+00
1.000000000000000000e+00
1.000000000000000056e-01
2.244488977955908737e+00
2.191323355906269921e+00
1.000000000000000000e+00
2.000000000000000111e-01
2.244488977955908737e+00
2.191323355906269921e+00
1.000000000000000000e+00
3.000000000000000444e-01
2.137608550434197063e+00
2.191323355906269921e+00
1.000000000000000000e+00
4.000000000000000222e-01
2.244488977955908737e+00
2.191323355906269921e+00
1.000000000000000000e+00
5.000000000000000000e-01
2.137608550434204613e+00
2.191323355906269921e+00
